camera_matrix:
- [748.82346614,   0,         755.31222859]
- [0,         749.70488235, 566.98490843]
- [0,           0,           1        ]
dist_coeff: [-0.26563247,  0.0745867, -0.00085828,  0.00052217, -0.01000664]
xmin: 720
xmax: 1250
ymin: 450
ymax: 880
