camera_matrix:
- [748.82346614,   0,         755.31222859]
- [0,         749.70488235, 566.98490843]
- [0,           0,           1        ]
dist_coeff: [-0.26563247  0.0745867  -0.00085828  0.00052217 -0.01000664]

roi: [420, 278, 570, 820)]
y_start: 225
x_start: 300
w: 900
h: 670
