camera_matrix:
- [1.02270705e+03, 0.00000000e+00, 7.19375760e+02]
- [0.00000000e+00, 1.02143415e+03, 5.39799030e+02]
- [0.00000000e+00, 0.00000000e+00, 1.00000000e+00]
dist_coeff: [-0.25095, -0.10350, 0.007836, 0.007078, 0.115027]
